# DWT_DCT_SVD 15 img, 25 runs
# threshold, tpr, fpr, (alpha, level, subband)

[(11.117302946087399, 0.41694915254237286, 0.030508474576271188, (25, 1, ['LL'])),
(10.782544355531774, 0.3739424703891709, 0.030456852791878174, (25, 2, ['LL'])),
(11.466499889470885, 0.3271186440677966, 0.030508474576271188, (25, 2, ['HL', 'LH'])),
(11.189541131118261, 0.4653130287648054, 0.030456852791878174, (25, 3, ['LL'])),
(11.811734536862634, 0.43824027072758037, 0.030456852791878174, (25, 3, ['HL', 'LH'])),
(11.37715216334128, 0.4864864864864865, 0.031081081081081083, (50, 1, ['LL'])),
(11.517750078468886, 0.36689419795221845, 0.030716723549488054, (50, 1, ['HL', 'LH'])),
(11.481087577274687, 0.5474576271186441, 0.030508474576271188, (50, 2, ['LL'])),
(11.762129310813721, 0.41765704584040747, 0.030560271646859084, (50, 2, ['HL', 'LH'])),
(11.623329768566109, 0.6830508474576271, 0.030508474576271188, (50, 3, ['LL'])),
(11.794132175586991, 0.6254237288135593, 0.030508474576271188, (50, 3, ['HL', 'LH'])),
(11.535999044178514, 0.550351288056206, 0.03044496487119438, (60, 1, ['LL'])),
(11.24918727528664, 0.3952254641909814, 0.03183023872679045, (60, 1, ['HL', 'LH'])),
(11.635429710986893, 0.6206896551724138, 0.03183023872679045, (60, 2, ['LL'])),
(11.806597147727269, 0.4588859416445623, 0.03183023872679045, (60, 2, ['HL', 'LH'])),
(11.697493695761674, 0.7423887587822015, 0.03044496487119438, (60, 3, ['LL'])),
(11.838655700407413, 0.6737400530503979, 0.03183023872679045, (60, 3, ['HL', 'LH'])),
(11.603655956714618, 0.5973837209302325, 0.030523255813953487, (75, 1, ['LL'])),
(11.657112099736745, 0.6722532588454376, 0.03165735567970205, (75, 2, ['LL'])),
(11.636846111699947, 0.5009310986964618, 0.03165735567970205, (75, 2, ['HL', 'LH'])),
(11.782358918850038, 0.7728119180633147, 0.03165735567970205, (75, 3, ['LL'])),
(11.802855661494537, 0.6990654205607477, 0.03177570093457944, (75, 3, ['HL', 'LH']))]
1218.2234025001526

# DWT_DCT_SVD 20 img, 20 runs
# threshold, tpr, fpr, (alpha, level, subband)
[(10.93086673408269, 0.3632694248234107, 0.030272452068617558, (25, 2, ['LL'])),
(11.518341601722815, 0.31717171717171716, 0.030303030303030304, (25, 2, ['HL', 'LH'])),
(11.271104553078679, 0.4611503531786075, 0.030272452068617558, (25, 3, ['LL'])),
(11.781697967494061, 0.4409687184661958, 0.030272452068617558, (25, 3, ['HL', 'LH'])),
(11.759190421352708, 0.62, 0.0325, (25, 4, ['LL'])), (11.970486973833566, 0.66, 0.0325, (25, 4, ['HL', 'LH'])),
(11.181092687802769, 0.4225, 0.0325, (30, 2, ['LL'])),
(11.54906192815229, 0.335, 0.0325, (30, 2, ['HL', 'LH'])),
(11.519152028172025, 0.51, 0.0325, (30, 3, ['LL'])),
(11.752047178543084, 0.4775, 0.0325, (30, 3, ['HL', 'LH'])),
(11.78677050540085, 0.6925, 0.0325, (30, 4, ['LL'])),
(12.005527006163558, 0.695, 0.0325, (30, 4, ['HL', 'LH'])),
(11.509440142043282, 0.5454545454545454, 0.030303030303030304, (50, 2, ['LL'])),
(11.708586700355887, 0.41759352881698686, 0.030333670374115267, (50, 2, ['HL', 'LH'])),
(11.676926968362203, 0.6717171717171717, 0.030303030303030304, (50, 3, ['LL'])),
(11.785497091263526, 0.6161616161616161, 0.030303030303030304, (50, 3, ['HL', 'LH'])),
(11.869793674534746, 0.805, 0.0325, (50, 4, ['LL'])),
(12.118344917153934, 0.8275, 0.0325, (50, 4, ['HL', 'LH'])),
(11.643307843644106, 0.6254826254826255, 0.03088803088803089, (60, 2, ['LL'])),
(11.698293578352798, 0.4697554697554698, 0.03088803088803089, (60, 2, ['HL', 'LH'])),
(11.771963347895529, 0.7412333736396615, 0.030229746070133012, (60, 3, ['LL'])),
(11.821806854576945, 0.6589446589446589, 0.03088803088803089, (60, 3, ['HL', 'LH'])),
(11.949373658210215, 0.8475, 0.0325, (60, 4, ['LL'])),
(12.141522797621274, 0.8625, 0.0325, (60, 4, ['HL', 'LH']))]
623.1625938415527

#TN 20 img, 20 runs

[(15.347339123427318, 0.26268115942028986, 0.030797101449275364, (10, 0.01)),
(15.405129712413201, 0.254985754985755, 0.03133903133903134, (10, 0.1)),
(15.451027236140968, 0.26268115942028986, 0.030797101449275364, (10, 0.2)),
(15.391062538260591, 0.25905797101449274, 0.030797101449275364, (10, 0.3)),
(15.398812134860542, 0.2608695652173913, 0.030797101449275364, (10, 0.4)),
(15.416382173686227, 0.2585895117540687, 0.03074141048824593, (10, 0.5)),
(15.38290285369279, 0.25316455696202533, 0.03074141048824593, (10, 0.6)),
(15.509162159418414, 0.3779385171790235, 0.03074141048824593, (20, 0.01)),
(15.522351462494013, 0.3413940256045519, 0.031294452347083924, (20, 0.1)),
(15.509734146629343, 0.3688969258589512, 0.03074141048824593, (20, 0.2)),
(15.514886768547221, 0.3670886075949367, 0.03074141048824593, (20, 0.3)),
(15.545233955065376, 0.3670886075949367, 0.03074141048824593, (20, 0.4)),
(15.5293495137066, 0.3707052441229656, 0.03074141048824593, (20, 0.5)),
(15.561207994900355, 0.3707052441229656, 0.03074141048824593, (20, 0.6)),
(15.666215312710564, 0.5424954792043399, 0.03074141048824593, (40, 0.01)),
(15.703742068469104, 0.5170940170940171, 0.03133903133903134, (40, 0.1)),
(15.662283129003038, 0.5398550724637681, 0.030797101449275364, (40, 0.2)),
(15.629235651661167, 0.5471014492753623, 0.030797101449275364, (40, 0.3)),
(15.65305067858504, 0.5471014492753623, 0.030797101449275364, (40, 0.4)),
(15.63785371219413, 0.552536231884058, 0.030797101449275364, (40, 0.5)),
(15.613115227345974, 0.5670289855072463, 0.030797101449275364, (40, 0.6)),
(15.794524232485594, 0.6721014492753623, 0.030797101449275364, (60, 0.01)),
(15.801708969631079, 0.6282051282051282, 0.03133903133903134, (60, 0.1)),
(15.78344948689786, 0.6648550724637681, 0.030797101449275364, (60, 0.2)),
(15.810278305723314, 0.6648550724637681, 0.030797101449275364, (60, 0.3)),
(15.790500769480595, 0.6648550724637681, 0.030797101449275364, (60, 0.4)),
(15.751160966761747, 0.6684782608695652, 0.030797101449275364, (60, 0.5)),
(15.770994313037338, 0.6666666666666666, 0.030797101449275364, (60, 0.6))]
4351.568955898285

#Primo metodo 20 img, 20 runs
[(10.923448117094276, 0.34363767074047447, 0.0301941049604601, (25, 2, ['LL'])),
(11.571202317275315, 0.3043165467625899, 0.030215827338129497, (25, 2, ['HL', 'LH'])),
(11.249084471577211, 0.44069015097052483, 0.0301941049604601, (25, 3, ['LL'])),
(11.759780195343637, 0.4284687275341481, 0.0301941049604601, (25, 3, ['HL', 'LH'])),
(11.610747272718601, 0.59375, 0.03125, (25, 4, ['LL'])),
(11.888668078788948, 0.64375, 0.03125, (25, 4, ['HL', 'LH'])),
(11.485270699980907, 0.5266187050359712, 0.030215827338129497, (50, 2, ['LL'])),
(11.696668602692407, 0.42260619150467965, 0.03023758099352052, (50, 2, ['HL', 'LH'])),
(11.668304251660198, 0.6496402877697842, 0.030215827338129497, (50, 3, ['LL'])),
(11.765818758230466, 0.60431654676259, 0.030215827338129497, (50, 3, ['HL', 'LH'])),
(11.844990308645643, 0.78875, 0.03125, (50, 4, ['LL'])),
(12.028042886357499, 0.8125, 0.03125, (50, 4, ['HL', 'LH'])),
(11.624388914953062, 0.647812166488794, 0.030949839914621132, (75, 2, ['LL'])),
(11.675276367828463, 0.5005336179295624, 0.030949839914621132, (75, 2, ['HL', 'LH'])),
(11.801329423966461, 0.775880469583778, 0.030949839914621132, (75, 3, ['LL'])),
(11.757254468892116, 0.6919786096256685, 0.031016042780748664, (75, 3, ['HL', 'LH'])),
(11.89224636840937, 0.92, 0.0325, (75, 4, ['LL'])),
(12.030868593326451, 0.8925, 0.0325, (75, 4, ['HL', 'LH'])),
(11.768368999950253, 0.7339285714285714, 0.030357142857142857, (100, 2, ['LL'])),
(11.608071273042414, 0.5366726296958855, 0.03041144901610018, (100, 2, ['HL', 'LH'])),
(11.926513379422635, 0.8425760286225402, 0.03041144901610018, (100, 3, ['LL'])),
(11.737025678080672, 0.7419354838709677, 0.03046594982078853, (100, 3, ['HL', 'LH'])),
(12.039865478055464, 0.94, 0.0325, (100, 4, ['LL'])),
(12.060952080919586, 0.935, 0.0325, (100, 4, ['HL', 'LH']))]
616.7586376667023