[(5.090357146084974, 0.13333333333333333, 0.03333333333333333, (2, 1, ['LL'])),
(9.01279756237605, 0.1, 0.1, (2, 1, ['HL', 'LH'])),
(3.521470867372382, 0.1, 0.05, (2, 2, ['LL'])),
(9.632247444048652, 0.1, 0.1, (2, 2, ['HL', 'LH'])),
(3.8967262652761088, 0.16666666666666666, 0.03333333333333333, (2, 3, ['LL'])),
(9.888039569029146, 0.1, 0.1, (2, 3, ['HL', 'LH'])),
(5.132408021290112, 0.1, 0.03333333333333333, (4, 1, ['LL'])),
(10.69872664217386, 0.15, 0.05, (4, 1, ['HL', 'LH'])),
(5.085998753998057, 0.13333333333333333, 0.03333333333333333, (4, 2, ['LL'])),
(10.446309487392993, 0.15, 0.05, (4, 2, ['HL', 'LH'])),
(5.231304180094574, 0.2, 0.05, (4, 3, ['LL'])),
(10.497776219475226, 0.1, 0.05, (4, 3, ['HL', 'LH'])),
(6.365545121196809, 0.1, 0.03333333333333333, (6, 1, ['LL'])),
(10.603629976952988, 0.15, 0.05, (6, 1, ['HL', 'LH'])),
(6.435349842807325, 0.16666666666666666, 0.03333333333333333, (6, 2, ['LL'])),
(10.59364035061512, 0.15, 0.05, (6, 2, ['HL', 'LH'])),
(7.3811040063488065, 0.16666666666666666, 0.03333333333333333, (6, 3, ['LL'])), (10.591597656360154, 0.1, 0.05, (6, 3, ['HL', 'LH'])), (7.918225827259614, 0.1, 0.03333333333333333, (9, 1, ['LL'])), (10.24954439877898, 0.2, 0.05, (9, 1, ['HL', 'LH'])), (7.91556990730987, 0.16666666666666666, 0.03333333333333333, (9, 2, ['LL'])), (11.116982888454741, 0.15, 0.05, (9, 2, ['HL', 'LH'])), (9.063081352055658, 0.16666666666666666, 0.03333333333333333, (9, 3, ['LL'])), (10.989334972522421, 0.15, 0.05, (9, 3, ['HL', 'LH']))]
59.64267683029175

[(3.6257839059215207, 0.09803921568627451, 0.03137254901960784, (2, 1, ['LL'])),
(10.094135695239776, 0.1276595744680851, 0.03404255319148936, (2, 1, ['HL', 'LH'])),
(3.792739839594649, 0.11428571428571428, 0.0326530612244898, (2, 2, ['LL'])),
(9.6569841895725, 0.13191489361702127, 0.03404255319148936, (2, 2, ['HL', 'LH'])),
(4.116937097182086, 0.17647058823529413, 0.03137254901960784, (2, 3, ['LL'])),
(10.546038028024498, 0.14893617021276595, 0.03404255319148936, (2, 3, ['HL', 'LH'])),
(4.623337072681193, 0.11372549019607843, 0.03137254901960784, (4, 1, ['LL'])),
(10.963571385295204, 0.13877551020408163, 0.0326530612244898, (4, 1, ['HL', 'LH'])),
(5.085998753998057, 0.1411764705882353, 0.03137254901960784, (4, 2, ['LL'])),
(11.037639484697754, 0.13877551020408163, 0.0326530612244898, (4, 2, ['HL', 'LH'])),
(6.349904811059868, 0.2037735849056604, 0.03018867924528302, (4, 3, ['LL'])),
(11.07693537705414, 0.17551020408163265, 0.0326530612244898, (4, 3, ['HL', 'LH'])),
(6.013042047800841, 0.12156862745098039, 0.03137254901960784, (6, 1, ['LL'])),
(11.16895188948704, 0.14285714285714285, 0.0326530612244898, (6, 1, ['HL', 'LH'])),
(6.860445695419579, 0.1568627450980392, 0.03137254901960784, (6, 2, ['LL'])),
(11.29737931407025, 0.1469387755102041, 0.0326530612244898, (6, 2, ['HL', 'LH'])),
(8.339255812815612, 0.21568627450980393, 0.03137254901960784, (6, 3, ['LL'])),
(11.228066631089613, 0.20408163265306123, 0.0326530612244898, (6, 3, ['HL', 'LH'])),
(7.673376331817457, 0.1411764705882353, 0.03137254901960784, (9, 1, ['LL'])),
(11.277423839588861, 0.1673469387755102, 0.0326530612244898, (9, 1, ['HL', 'LH'])),
(8.322074936257017, 0.17254901960784313, 0.03137254901960784, (9, 2, ['LL'])),
(11.549000408588181, 0.17551020408163265, 0.0326530612244898, (9, 2, ['HL', 'LH'])),
(9.529832429929447, 0.24705882352941178, 0.03137254901960784, (9, 3, ['LL'])),
(11.528357413951817, 0.24897959183673468, 0.0326530612244898, (9, 3, ['HL', 'LH']))]
3154.587446451187